1 2
1 14
2 3
2 7
3 4
3 8
4 5
4 9
5 6
5 34
6 13
14 15
15 7
7 16
17 18
18 19
19 7
7 20
20 8
8 21
21 22
22 23
23 9
24 25
25 26
26 7
7 27
27 8
8 28
28 29
29 9
9 30
30 31
31 10
10 32
32 11
11 33
33 12
12 34
34 35
35 13
36 37
37 38
38 7
7 39
39 8
8 40
40 41
41 9
9 42
42 43
43 10
10 44
44 11
11 45
45 12
12 46
46 47
47 48
48 13
13 49
49 50
50 51
52 7
7 53
53 8
8 54
54 55
55 9
9 56
56 57
57 10
10 58
58 11
11 59
59 12
12 60
60 61
61 62
62 13
13 63
63 64
64 65
66 67
67 11
11 68
68 12
12 69
69 70
70 71
71 13
13 72
72 73
73 74
75 13
13 76
76 77
77 78