1 exit1 3 1
2 exit2 4 1
3 exit3 6 1
4 exit4 9 4
5 exit5 17 7
6 exit6 21 7
7 stair1 4 2
8 stair2 6 2
9 stair3 9 5
10 stair4 12 2
11 stair5 14 5
12 stair6 16 8
13 stair7 21 8
14 101 1 2
15 105 3 2
16 106 5 2
17 201 1 5
18 203 2 5
19 206 3 5
20 207 5 5
21 208 7 5
22 211 8 5
23 217 13 5
24 301 1 8
25 303 2 8
26 306 3 8
27 307 5 8
28 308 7 8
29 311 8 8
30 312 10 8
31 314 11 8
32 315 13 8
33 316 15 8
34 318 17 8
35 320 19 8
36 401 1 11
37 403 2 11
38 406 3 11
39 407 5 11
40 408 7 11
41 411 8 11
42 412 10 11
43 414 11 11
44 415 13 11
45 416 15 11
46 418 17 11
47 419 18 11
48 421 19 11
49 422 21 11
50 425 22 11
51 426 23 11
52 501 2 14
53 502 5 14
54 503 7 14
55 506 8 14
56 507 10 14
57 509 11 14
58 510 13 14
59 511 15 14
60 513 17 14
61 514 18 14
62 516 19 14
63 517 21 14
64 520 22 14
65 521 23 14
66 601 10 17
67 602 13 17
68 603 15 17
69 605 17 17
70 606 18 17
71 608 19 17
72 609 21 17
73 612 22 17
74 613 23 17
75 701 17 20
76 703 21 20
77 706 22 20
78 707 23 20
79 st11 4 2
80 st12 4 5
81 st13 4 8
82 st14 4 11
83 st15 4 14
84 st21 6 2
85 st22 6 5
86 st23 6 8
87 st24 6 11
88 st25 6 14
89 st32 9 5
90 st33 9 8
91 st34 9 11
92 st35 9 14
93 st41 12 2
94 st42 12 5
95 st43 12 8
96 st44 12 11
97 st45 12 14
98 st52 14 5
99 st53 14 8
100 st54 14 11
101 st55 14 14
102 st56 14 17
103 st63 16 8
104 st64 16 11
105 st65 16 14
106 st66 16 17
107 st73 21 8
108 st74 21 11
109 st75 21 14
110 st76 21 17
111 st77 21 20
